[66, 36, 6, 91, 61, 31]
[32, 65, 6, 71, 92, 62]
[33, 71, 11, 93, 63]
[64, 41, 34, 71]
[65, 42, 35, 71]
[66, 36]
[32, 67, 37]
[33, 68, 38]
[69, 39]
[40, 70]
[41, 71]
[72, 42, 68]
[32, 67, 37, 7, 73, 43, 62]
[67, 36, 74, 44, 89, 61, 31]
[67, 36, 75, 45, 85, 88, 59, 29]
[66, 36, 8, 76, 46, 85, 54, 88, 59, 28]
[58, 77, 47, 84, 54, 24, 26, 28]
[78, 48, 83, 85, 22, 54, 25]
[45, 79, 49, 84, 54, 23]
[54, 50, 80, 46]
[81, 51, 77, 47]
[48, 82, 52, 78]
[48, 83, 53, 46]
[45, 79, 49, 84, 54]
[76, 46, 79, 16, 85, 55]
[76, 45, 17, 86, 56]
[76, 45, 15, 19, 87, 57]
[36, 44, 76, 15, 20, 88, 58]
[67, 36, 72, 75, 44, 15, 21, 89, 59]
[66, 36, 6, 73, 42, 75, 14, 90, 60]
[1, 66, 36, 7, 71, 42, 12, 91, 61]
[2, 66, 36, 7, 71, 41, 12, 92, 62]
[3, 6, 71, 41, 12, 93, 63]
[64, 4, 71, 42, 12]
[65, 5, 71, 41, 12]
[66, 12, 6, 71]
[32, 67, 7, 11, 62]
[8, 68, 63]
[9, 69]
[32, 10, 70]
[11, 68, 71]
[72, 12, 68]
[32, 67, 7, 73, 13, 61]
[67, 38, 8, 74, 14, 88, 59, 31]
[66, 38, 75, 15, 54, 88, 59, 28]
[37, 27, 76, 16, 85, 55, 59]
[77, 17, 21, 54, 86, 26, 28]
[78, 18, 85, 54, 23, 26]
[79, 19, 85, 54, 25]
[80, 26, 20]
[107, 77, 111, 81, 21]
[107, 78, 112, 82, 22]
[108, 78, 113, 83, 23]
[107, 46, 79, 114, 84, 24]
[96, 106, 76, 46, 79, 49, 19, 115, 85, 25]
[96, 106, 76, 46, 16, 80, 50, 20, 116, 86, 26]
[97, 104, 76, 45, 16, 19, 117, 87, 27]
[96, 66, 36, 101, 38, 104, 75, 45, 15, 118, 88, 28]
[96, 66, 37, 102, 75, 45, 15, 119, 89, 29]
[96, 66, 36, 101, 7, 73, 43, 13, 120, 90, 30]
[96, 1, 66, 36, 7, 72, 42, 12, 121, 91, 31]
[32, 96, 2, 100, 37, 7, 71, 42, 12, 122, 92]
[33, 3, 7, 71, 41, 12, 123, 93]
[34, 4, 71, 42, 12, 124, 94]
[35, 100, 5, 71, 41, 12, 125, 95]
[96, 36, 6, 71, 42, 12, 126]
[97, 37, 7, 10, 127]
[8, 98, 128, 38]
[9, 129, 99, 39]
[40, 10, 100, 130]
[41, 11, 101]
[42, 102, 12, 98]
[32, 97, 67, 68, 37, 103, 43, 13, 61]
[97, 67, 38, 104, 44, 14, 88, 28, 61, 31]
[96, 67, 37, 105, 45, 15, 84, 86, 55, 88, 59, 92, 29]
[96, 67, 37, 106, 46, 16, 84, 85, 87, 55, 59, 28]
[96, 67, 103, 107, 47, 17, 81, 84, 85, 54, 59, 28]
[67, 104, 108, 48, 18, 83, 85, 54, 22, 59]
[109, 49, 19, 84, 54, 23]
[50, 110, 20, 46]
[107, 77, 47, 111, 17, 51, 21]
[112, 107, 52, 22]
[108, 113, 18, 53, 23]
[96, 106, 45, 79, 17, 114, 19, 54, 24]
[96, 106, 76, 46, 79, 16, 49, 18, 115, 55, 25]
[96, 103, 106, 76, 46, 16, 50, 19, 116, 56, 26]
[97, 104, 76, 45, 15, 117, 57, 27]
[96, 66, 104, 75, 45, 15, 118, 58, 28]
[96, 67, 102, 75, 45, 15, 119, 59, 29]
[96, 67, 37, 101, 42, 75, 13, 15, 120, 126, 60, 30]
[96, 1, 67, 100, 37, 72, 42, 13, 121, 61, 126, 31]
[32, 96, 2, 67, 100, 37, 7, 71, 42, 12, 122, 62]
[33, 3, 100, 37, 72, 41, 12, 123, 63]
[64, 129, 34, 4, 100, 6, 71, 42, 12, 124]
[65, 130, 35, 100, 5, 71, 42, 12, 125]
[72, 66, 126]
[67, 62, 127]
[128, 68, 63]
[129, 69, 61]
[130, 61, 70]
[60, 71]
[72, 59]
[97, 67, 73, 92, 113, 60, 127]
[128, 97, 121, 68, 74, 113, 119, 89, 58, 91, 93]
[97, 103, 75, 114, 119, 55, 88, 58, 126]
[97, 103, 76, 112, 114, 115, 119, 55, 88, 126]
[97, 103, 77, 112, 114, 86, 55, 88]
[103, 78, 112, 113, 115, 85, 54, 119]
[103, 79, 114, 84, 54]
[80, 83]
[107, 81, 51]
[108, 82, 52]
[83, 108, 53, 103]
[107, 84, 54, 103]
[103, 106, 85, 55, 127]
[103, 107, 86, 56, 127]
[103, 106, 87, 57, 126]
[103, 106, 88, 58, 126]
[103, 105, 89, 59, 126]
[97, 103, 90, 60, 126]
[97, 103, 91, 61, 126, 127]
[97, 101, 62, 92, 126]
[128, 102, 125, 93, 63]
[64, 94, 130, 102]
[65, 102, 95]
[96, 130, 66, 102, 121]
[97, 130, 67, 100, 122, 92]
[130, 68, 93, 98]
[99, 92, 69]
[100, 121, 92, 70]
[121, 101, 71]
[72, 121, 102]
[]
[]
[]
[]
[]
