[25, 20, 44, 31]
[44, 18, 21, 25, 31]
[44, 82, 19, 22, 25, 31]
[25, 20, 44, 31]
[25, 45, 21, 31]
[25, 34, 45, 30]
[35, 45, 81, 25, 31]
[34, 36, 45, 81, 19, 25, 31]
[35, 44, 81, 21, 25, 31]
[35, 44, 82, 21, 25, 31]
[36, 44, 80, 83, 21, 25, 31]
[39, 44, 22, 25, 31]
[35, 40, 44, 25, 31]
[25, 41, 45, 31]
[25, 44, 31]
[40, 9, 11, 44, 25, 31]
[9, 12, 44, 24, 31]
[2, 36, 9, 44, 25, 31]
[3, 37, 8, 11, 44, 25, 31]
[9, 35, 44, 31]
[2, 35, 9, 44, 16, 31]
[9, 34, 44, 31]
[35, 9, 45, 16, 31]
[35, 9, 44, 17, 31]
[10, 36, 45, 31]
[35, 39, 8, 11, 44, 31]
[36, 6, 9, 12, 45, 21]
[9, 35, 44, 7]
[9, 45, 37]
[8, 26, 44]
[2, 37, 8, 44, 81, 21, 26]
[2, 38, 8, 40, 44, 82, 22, 25, 27]
[7, 9, 45, 80, 25]
[8, 25, 44, 81]
[2, 39, 9, 44, 82, 25, 31]
[3, 8, 44, 81, 25, 31]
[2, 9, 43, 80, 82, 19, 25, 31]
[8, 44, 81, 25, 31]
[9, 12, 44, 80, 82, 25, 31]
[2, 9, 16, 80, 25, 92, 31]
[9, 11, 80, 17, 25, 92, 31]
[9, 81, 18, 25, 92, 31]
[9, 81, 20, 25, 91, 93, 31]
[9, 82, 25, 92, 31]
[9, 81, 25, 91, 31]
[8, 81, 25, 92, 31]
[8, 82, 25, 91, 31]
[36, 9, 81, 25, 91, 31]
[80, 9, 25, 31]
[35, 38, 9, 11, 81, 24, 28, 31]
[89, 36, 101, 9, 43, 46, 79, 110, 112, 82, 87, 25, 91, 125, 31]
[100, 37, 8, 104, 44, 47, 111, 81, 116, 88, 25, 90, 92, 125, 31]
[5, 101, 9, 123, 45, 110, 48, 112, 82, 125, 25, 91, 93, 31]
[101, 6, 9, 45, 47, 80, 111, 124, 83, 25, 92, 126, 31]
[102, 7, 10, 44, 127, 46, 48, 81, 124, 51, 26, 92, 31]
[3, 103, 8, 11, 44, 75, 47, 80, 52, 120, 25, 92, 125, 31]
[121, 100, 104, 9, 43, 76, 79, 48, 81, 125, 25, 91, 93, 31]
[99, 101, 7, 9, 44, 110, 80, 82, 25, 123, 92, 125, 31]
[2, 98, 100, 8, 43, 12, 111, 81, 83, 88, 25, 91, 124, 93, 31]
[3, 99, 101, 7, 9, 44, 79, 48, 111, 82, 52, 89, 92, 125, 31]
[100, 102, 8, 44, 78, 48, 80, 83, 25, 90, 123, 93, 126, 31]
[99, 102, 9, 44, 79, 124, 88, 92, 31]
[7, 10, 43, 78, 111, 80, 89, 91, 124, 93, 31]
[8, 43, 12, 127, 78, 112, 81, 25, 90, 92, 125, 31]
[7, 9, 74, 41, 44, 78, 82, 91, 124, 126]
[99, 8, 11, 45, 110, 79, 127, 83, 88, 25, 91, 120, 125, 31]
[128, 121, 100, 7, 43, 78, 111, 80, 89, 92, 125, 31]
[98, 101, 122, 8, 11, 44, 107, 110, 79, 82, 90, 124, 126, 31]
[64, 98, 101, 7, 12, 44, 110, 80, 83, 120, 25, 123, 92, 125, 31]
[121, 100, 6, 102, 8, 75, 44, 123, 111, 80, 25, 91, 31]
[99, 101, 7, 9, 43, 76, 79, 111, 124, 84, 86, 25, 92, 31]
[98, 100, 102, 39, 8, 104, 44, 76, 110, 79, 85, 87, 25, 92, 125, 31]
[100, 40, 9, 105, 44, 77, 110, 80, 115, 88, 25, 92, 125, 31]
[98, 5, 101, 8, 106, 44, 111, 81, 115, 91, 126, 31]
[97, 99, 6, 102, 8, 40, 107, 44, 127, 47, 112, 124, 115, 120, 92, 31]
[97, 100, 7, 103, 9, 105, 123, 44, 108, 110, 48, 116, 119, 25, 91, 93, 31]
[2, 6, 8, 25, 31, 35, 38, 43, 45, 49, 88, 92, 99, 101, 104, 107, 109, 111, 114, 120, 124]
[98, 36, 100, 102, 7, 9, 105, 44, 108, 110, 112, 115, 86, 120, 25, 123, 92, 125, 31]
[98, 36, 101, 8, 104, 106, 44, 110, 48, 124, 116, 87, 25, 92, 126, 31]
[97, 99, 37, 102, 8, 44, 109, 111, 117, 87, 25, 91, 125, 31]
[34, 98, 100, 102, 9, 44, 110, 112, 88, 25, 91, 125, 31]
[3, 35, 99, 9, 105, 44, 110, 88, 25, 91, 124, 126, 31]
[89, 99, 36, 9, 106, 44, 110, 25, 92, 125, 31]
[2, 99, 5, 8, 106, 44, 127, 111, 25, 92, 125, 31]
[97, 100, 6, 9, 105, 45, 111, 114, 25, 90, 126, 31]
[98, 100, 7, 104, 10, 106, 44, 46, 111, 81, 115, 25, 91, 127, 125, 31]
[2, 98, 101, 8, 105, 44, 110, 112, 82, 25, 125, 31]
[97, 101, 6, 8, 105, 45, 109, 111, 82, 115, 25, 122, 126, 31]
[98, 102, 7, 9, 105, 44, 110, 83, 116, 25, 123, 127, 125, 31]
[98, 103, 8, 106, 44, 111, 82, 114, 116, 25, 125, 31]
[2, 99, 8, 104, 43, 45, 111, 113, 82, 115, 25, 124, 126, 31]
[99, 101, 6, 11, 44, 109, 112, 114, 83, 25, 122, 127, 125, 31]
[128, 99, 102, 7, 9, 43, 12, 45, 110, 81, 113, 83, 115, 120, 25, 123, 126, 31]
[121, 100, 103, 8, 10, 44, 112, 82, 114, 116, 119, 88, 25, 124, 126, 31]
[89, 101, 9, 11, 43, 110, 113, 82, 115, 87, 25, 122, 127, 125, 31]
[111, 82, 114, 116, 119, 88, 124]
[108, 80, 112, 82, 120, 123, 125]
[105, 107, 79, 111, 81, 118, 122, 91, 126]
[123, 111, 80, 82, 114, 121, 91, 126]
[111, 81, 115, 83, 122, 91, 124, 127]
[128, 161, 166, 111, 92, 81, 116, 152, 123, 156, 125, 159]
[162, 167, 75, 112, 81, 115, 93, 153, 122, 157, 190]
[161, 166, 76, 109, 113, 81, 152, 121, 90, 123, 92, 157]
[162, 166, 110, 81, 115, 122, 91, 124, 158]
[162, 166, 112, 81, 152, 121, 91, 156, 125]
[161, 165, 167, 110, 113, 81, 189, 152, 122, 92, 157, 126]
[162, 166, 80, 151, 120, 153, 122, 91, 156, 190, 127]
[162, 99, 102, 81, 115, 157, 87, 152, 121, 154, 91, 125, 127]
[161, 100, 103, 88, 80, 116, 152, 122, 155, 92, 157, 126]
[192, 162, 100, 166, 104, 91, 81, 87, 152, 122, 155, 125, 158, 127]
[193, 162, 101, 166, 104, 91, 80, 82, 152, 154, 123, 156, 126, 159]
[159, 161, 101, 166, 105, 92, 81, 119, 152, 155, 124, 189, 127]
[128, 153, 162, 100, 102, 167, 106, 190, 156, 81, 87, 121, 91, 124, 158, 95]
[128, 162, 99, 101, 154, 103, 107, 92, 81, 85, 88, 122, 156]
[160, 162, 100, 102, 166, 104, 88, 108, 155, 78, 80, 82, 157, 120, 123, 92, 152, 126]
[161, 163, 99, 101, 103, 167, 105, 107, 109, 79, 81, 152, 123, 156, 93, 158, 127]
[161, 164, 100, 102, 166, 104, 168, 108, 110, 92, 80, 152, 124, 157, 159]
[162, 98, 165, 101, 103, 105, 111, 80, 156, 92, 86, 153, 124, 158]
[161, 163, 101, 166, 107, 112, 80, 157, 152, 186, 92, 125]
[97, 162, 164, 101, 166, 110, 112, 80, 115, 152, 187, 156, 93]
[161, 165, 101, 103, 111, 80, 113, 116, 85, 152, 187, 92, 157]
[162, 98, 102, 166, 104, 111, 80, 92, 188, 115, 152, 186, 156, 158]
[161, 97, 163, 99, 103, 105, 111, 81, 115, 93, 152, 156, 189]
[96, 161, 98, 100, 102, 109, 79, 112, 82, 116, 152, 94, 186, 92, 157, 190]
[97, 162, 101, 166, 104, 108, 110, 78, 80, 87, 151, 187, 92, 157, 191]
[162, 98, 101, 104, 91, 109, 111, 79, 81, 152, 88, 156, 93]
[162, 99, 102, 105, 107, 110, 112, 80, 86, 151, 89, 92, 157]
[163, 100, 106, 109, 111, 81, 93, 152, 88, 157]
[162, 98, 164, 100, 110, 113, 81, 152, 92, 157]
[161, 99, 165, 101, 91, 110, 78, 82, 115, 93, 152, 155, 124, 157]
[162, 100, 102, 91, 111, 79, 82, 152, 155, 125, 158]
[101, 103, 111, 80, 92, 156, 125]
[102, 104, 80, 91, 124, 157, 126]
[80, 122, 92, 125, 127]
[128, 92, 81, 123, 156, 125, 191]
[192, 80, 124, 157, 126]
[193, 155, 81, 187, 124, 157]
[124, 80, 188, 186, 156, 127]
[161, 81, 187, 124, 157]
[160, 193, 162, 190, 80, 145, 153, 186, 156, 125, 158]
[160, 79, 81, 187, 156, 125, 191]
[192, 161, 165, 80, 188, 151, 186, 155, 124, 157]
[162, 166, 76, 80, 189, 151, 187, 156, 125]
[193, 163, 167, 77, 81, 189, 152, 156, 125]
[193, 164, 80, 126, 156, 190]
[161, 191, 165, 167, 150, 152, 156, 125, 127]
[156, 151, 153, 186, 124]
[160, 152, 187, 156, 125]
[161, 153, 155, 125]
[162, 110, 187, 156, 125, 190]
[161, 195, 110, 208, 186, 125, 191]
[192, 195, 110, 206, 208, 146, 187, 126]
[161, 195, 102, 110, 207, 186, 188, 125]
[194, 165, 111, 208, 146, 186, 125]
[193, 195, 197, 166, 237, 112, 208, 146, 186, 125]
[194, 198, 187, 238, 111, 209, 147, 123, 126]
[194, 209, 152, 124, 127]
[195, 110, 208, 146, 124]
[196, 207, 111, 209, 147, 124]
[197, 102, 106, 111, 208, 152, 125]
[195, 197, 103, 107, 110, 112, 146, 153, 187, 124, 126]
[196, 198, 105, 107, 110, 152, 122, 187, 125, 127]
[197, 199, 158, 106, 108, 111, 208, 152, 186, 123, 126, 191]
[192, 195, 102, 105, 107, 109, 145, 120, 187, 124, 152, 126]
[193, 195, 186, 106, 109, 114, 146, 152, 121, 154, 124, 127]
[194, 196, 198, 107, 203, 187, 110, 115, 157, 152, 155, 125]
[162, 195, 102, 106, 204, 110, 207, 115, 151, 186, 123, 156, 125, 158]
[128, 192, 162, 195, 103, 107, 110, 208, 114, 116, 152, 186, 155, 124, 157, 126]
[193, 162, 195, 108, 112, 115, 152, 187, 156, 125, 158, 127]
[194, 163, 196, 165, 109, 152, 186, 188, 157, 126, 159]
[163, 195, 197, 102, 110, 152, 186, 124, 157, 127]
[161, 195, 165, 198, 103, 168, 157, 186, 188, 125]
[162, 195, 102, 166, 104, 169, 186, 152, 122, 158, 124, 189, 126]
[162, 195, 103, 167, 105, 187, 110, 157, 153, 123, 125]
[162, 195, 102, 166, 104, 124, 188, 186, 156, 126]
[162, 195, 165, 103, 167, 105, 185, 122, 187, 156]
[195, 164, 166, 103, 210, 115, 152, 186, 123, 188, 157]
[194, 102, 167, 104, 187, 115, 211, 189, 123, 157]
[161, 194, 102, 167, 105, 111, 156, 116, 152, 187, 124]
[162, 195, 102, 166, 110, 188, 152, 186, 124, 157]
[193, 162, 196, 167, 111, 189, 152, 185, 124, 157]
[160, 194, 166, 169, 106, 115, 157, 153, 186, 125, 190]
[161, 194, 165, 167, 107, 208, 210, 157, 151, 125]
[161, 194, 102, 166, 168, 105, 198, 108, 110, 208, 145, 156, 152, 124, 158, 191]
[192, 162, 194, 166, 199, 104, 106, 109, 208, 146, 153, 155, 124, 190]
[161, 195, 167, 104, 107, 110, 206, 145, 156, 209, 124, 191]
[162, 194, 166, 204, 111, 207, 145, 209, 148, 152, 123, 156, 125]
[160, 194, 108, 205, 110, 208, 145, 149, 123, 157, 126]
[161, 195, 166, 106, 109, 206, 112, 145, 209, 152, 124, 157]
[161, 102, 108, 205, 110, 207, 113, 145, 156, 210, 153, 124, 158]
[161, 165, 103, 106, 109, 208, 146, 115, 211, 157, 152, 123, 125]
[161, 164, 166, 104, 107, 203, 110, 208, 145, 116, 212, 214, 152, 123, 156]
[161, 165, 105, 108, 204, 111, 145, 114, 209, 117, 213, 215, 153, 186, 124, 157]
[161, 166, 106, 109, 112, 209, 146, 115, 118, 157, 152, 214, 125]
[161, 165, 104, 110, 112, 208, 146, 116, 215, 152, 123, 158]
[162, 166, 209, 215, 152, 187, 159]
[160, 163, 207, 210, 215, 152, 157]
[161, 164, 166, 208, 210, 152, 156, 216]
[161, 166, 206, 208, 217, 157]
[162, 164, 207, 209, 213, 215, 186, 156]
[162, 165, 210, 214, 152, 187, 157, 216]
[194, 162, 164, 211, 214, 157]
[192, 161, 163, 166, 213, 215, 152, 186, 156]
[193, 162, 195, 166, 199, 215, 152, 187, 157]
[161, 194, 198, 167, 214, 216, 153, 188, 157]
[161, 194, 164, 166, 199, 214, 189, 152, 186, 157]
[162, 195, 165, 197, 167, 215, 153, 187, 156, 190]
[160, 162, 195, 166, 198, 188, 152, 186, 156, 216]
[161, 195, 164, 199, 152, 217, 186, 156]
[160, 162, 195, 165, 152, 187, 190, 158]
[161, 191, 163, 197, 166, 216, 186, 157, 159]
[160, 192, 162, 195, 164, 198, 167, 152, 156]
[161, 193, 163, 195, 165, 199, 152, 186, 157]
[162, 194, 165, 199, 201, 155, 187, 158]
[161, 195, 166, 202, 207, 210, 152, 186, 155]
[161, 196, 198, 204, 208, 211, 153, 187, 156]
[161, 194, 198, 205, 209, 152, 186, 156, 191]
[161, 194, 197, 206, 210, 153, 186, 157]
[161, 195, 198, 204, 207, 211, 214, 152, 154, 187, 158]
[162, 196, 199, 187, 208, 211, 152, 155, 157, 159]
[161, 163, 195, 208, 156, 188]
[161, 194, 196, 199, 209, 156, 189]
[161, 194, 209, 152, 157]
[161, 195, 207, 209, 155, 157]
[194, 162, 196, 208, 210, 156]
[161, 194, 197, 209, 152, 154, 157]
[152, 155, 198, 195]
[160, 194, 196, 199, 153, 156]
[161, 195, 197, 152, 156]
[162, 196, 198, 152, 155, 157]
[194, 162, 197, 199, 152, 156]
[193, 163, 195, 198, 209, 152, 156]
[161, 193, 196, 198, 210, 152, 187, 156]
[194, 199, 211, 152, 156]
[195, 197, 208, 153, 187, 156, 189]
[194, 198, 209, 188, 157]
[195, 198, 155, 189, 187, 157]
[161, 194, 166, 152, 187, 156, 190]
[160, 194, 166, 199, 152, 186, 188, 157]
[161, 194, 187, 156]
[162, 195, 166, 152, 187, 156]
[161, 195, 166, 198, 153, 156]
[161, 194, 167, 185, 156, 189]
[161, 195, 165, 152, 186, 156]
[161, 194, 196, 166, 203, 206, 208, 152, 187, 157]
[]
[]
[]
[]
[]
