[14]
[14]
[14]
[14]
[14]
[14]
[13]
[18, 3, 14]
[17, 19, 15]
[16, 19]
[16, 19]
[1, 20, 17, 15]
[5, 7, 16, 18, 21]
[6, 8, 11, 16, 19]
[7, 9, 12, 17, 20]
[8, 10, 43, 14, 18, 21, 27]
[9, 19, 12, 15]
[8, 10, 43, 13, 16, 21, 27]
[9, 11, 14, 17, 22]
[17, 10, 12, 15]
[16, 18, 43, 13]
[16, 18, 27]
[17, 19, 28]
[]
[]
[17, 20, 28, 15]
[16, 18, 29, 22]
[17, 23]
[33, 27, 37]
[34, 38]
[40, 35]
[41, 36]
[42, 37, 29]
[38, 30]
[40, 31]
[32, 41]
[33, 42, 29]
[34, 30]
[35]
[35, 31]
[32, 36]
[33, 37, 68, 21]
[16, 21]
[17, 21]
[17, 21]
[]
[65]
[64, 66, 68, 56, 61]
[65, 67, 59]
[56, 65, 59, 68]
[65, 69, 79, 82, 57]
[66, 70, 82, 56, 58]
[65, 67, 79, 51, 83, 57, 60, 62]
[66, 68, 80, 50, 82, 52, 58, 61]
[65, 70, 79, 81, 51, 62]
[65, 82, 52, 70]
[65, 82, 52, 71]
[65, 66, 71, 78, 82, 52]
[64, 70, 78, 50, 82, 52]
[65, 70, 79, 82, 51, 53, 62]
[66, 68, 78, 80, 82, 52, 54, 58, 63]
[64, 67, 79, 49, 81, 83, 52, 55, 60]
[80, 50, 82, 56, 59, 61]
[56, 81, 50, 59]
[69, 79, 83, 51, 60]
[70, 48, 80, 50, 52, 84, 59, 61]
[42, 79, 49, 81, 84, 53, 59]
[42, 80, 50, 84, 54, 56, 60]
[65, 78, 81, 51, 84, 55, 59, 92]
[66, 37, 79, 51, 56, 92]
[66, 77, 52, 57, 93]
[74, 93, 77]
[75, 71]
[72, 76]
[73]
[74, 71]
[96, 67, 99, 101, 71, 82, 52, 58, 93]
[97, 66, 69, 101, 112, 82, 59]
[65, 97, 67, 101, 70, 109, 81, 51, 83, 60]
[96, 66, 98, 68, 100, 54, 58, 61]
[65, 97, 67, 100, 59, 62]
[65, 98, 59, 101]
[65, 59, 100, 102]
[66, 60, 103]
[64, 97, 67, 104, 79, 61]
[64, 105, 90, 68]
[90]
[]
[106]
[106]
[107]
[65, 51, 108, 70]
[57, 77, 71]
[78, 71]
[98, 77, 79, 81, 58]
[80, 82, 78]
[81]
[82]
[82]
[82]
[82]
[82]
[83]
[84]
[90, 84, 79]
[90, 85, 79]
[91, 85]
[91, 84]
[92]
[101]
[78]
[78, 102]
[78, 103]
[118]
[119]
[113, 119]
[113]
[114]
[]
[]
[]
[126]
[127]
[121]
[121]
[122, 130]
[122, 130]
[122]
[]
[134]
[128]
[128, 138]
[129, 139]
[130, 140]
[141]
[142]
[142]
[132]
[133]
[]
[]
[]
[]
[]
[]
[155]
[154]
[154, 141]
[154, 141]
[147, 155]
[155, 190]
[]
[192, 149]
[193, 172, 149]
[163, 167, 173, 146, 150, 187, 189]
[160, 164, 168, 173, 184]
[160, 165, 168]
[161, 166]
[162, 165, 167, 175, 156]
[165, 168, 176, 184, 157]
[164, 166, 169, 176, 180, 185, 158]
[167, 175, 180, 186, 156, 159]
[167, 175, 181, 187, 156]
[168, 156, 182, 175]
[160, 168, 176, 181, 184, 157]
[161, 164, 169, 174, 178, 180, 182, 185, 158]
[162, 170, 175, 181, 183, 186, 156, 159]
[160, 163, 165, 176, 181, 184, 187, 156]
[161, 164, 166, 175, 177, 149, 182, 185, 187, 157]
[162, 167, 186, 150, 183, 154, 188, 191]
[193, 154, 188]
[193, 155, 189, 183]
[163, 168, 182, 155, 189]
[163, 168, 182, 187, 156]
[160, 164, 167, 181, 183, 156]
[160, 196, 164, 168, 181]
[161, 165, 197, 168, 180, 182, 184]
[161, 198, 166, 201, 204, 185]
[161, 166, 203, 205, 185]
[162, 196, 167, 204, 206, 175, 186]
[163, 195, 165, 168, 205, 175, 207, 210, 186]
[164, 196, 166, 169, 206, 175, 209, 211, 187]
[163, 196, 167, 170, 175, 207, 218, 187]
[160, 195, 165, 197, 168, 200, 176, 208, 181, 187, 156]
[161, 196, 166, 198, 169, 201, 203, 205, 174, 177, 209, 180, 182]
[162, 195, 167, 199, 169, 204, 206, 210, 181, 183]
[163, 195, 168, 173, 207, 210, 182]
[195, 172, 207, 210, 183]
[194, 172, 207, 210, 213, 183, 155]
[195, 170, 173, 208, 211, 182, 184]
[212, 171, 188]
[154, 171, 188, 213]
[213, 154, 172, 189]
[173, 207, 210, 183, 218, 155, 189]
[164, 168, 200, 204, 173, 208, 182, 184, 218, 187, 156]
[199, 201, 203, 205, 176, 209, 182, 185, 218, 188]
[195, 200, 202, 204, 206, 208, 177, 210, 181, 184, 186, 188]
[196, 201, 205, 209, 178, 185]
[202, 186, 196, 209]
[195, 197, 204, 208, 184, 186]
[196, 228, 198, 203, 205, 209, 178, 185]
[228, 199, 209, 179, 186]
[228, 196, 209, 179, 185]
[228, 197, 200, 208, 178, 180, 186]
[226, 196, 229, 199, 201, 209, 179, 181, 185]
[227, 196, 230, 199, 233, 210, 180, 182, 186]
[196, 228, 231, 200, 234, 210, 181, 183, 187]
[225, 195, 228, 197, 200, 232, 204, 181, 184, 188]
[226, 196, 229, 201, 233, 205, 182, 185, 187]
[226, 195, 230, 200, 234, 206, 181, 186]
[227, 196, 231, 233, 235, 207, 182, 218, 187, 190]
[231, 234, 236, 207, 218, 188, 191]
[192, 232, 235, 237, 189]
[238]
[]
[]
[]
[224, 195, 227, 234, 208, 211, 183]
[225, 195, 227, 235, 181]
[228]
[]
[]
[231, 234, 227, 207]
[228, 232, 208, 210, 218]
[227, 229, 233, 206, 208, 218]
[210, 219, 230, 207]
[210, 219, 207]
[210, 219, 207]
[225, 206, 210, 246, 218]
[226, 206, 210, 246, 219]
[227, 207, 211, 246, 218]
[227, 234, 208, 210, 245, 247, 218]
[225, 227, 231, 209, 211, 246, 218]
[226, 232, 207, 211, 245, 247, 218]
[224, 227, 208, 211, 246, 250, 219]
[224, 231, 212, 244, 247, 218, 251]
[232, 264, 243, 213, 249, 218, 251, 255]
[258, 265, 268, 243, 213, 248, 250, 255]
[259, 265, 242, 213, 248, 251, 255]
[256, 260, 264, 266, 237, 243, 249, 253]
[257, 262, 264, 267, 238, 212, 250, 254]
[265, 268, 238, 213, 249, 251, 255]
[267, 237, 213, 249, 252, 255]
[258, 268, 237, 213, 249, 218, 254]
[224, 232, 235, 237, 213, 249, 218, 251, 255]
[227, 229, 231, 233, 235, 244, 250]
[232, 234, 236, 238, 241, 243, 250, 255]
[256, 264, 268, 237, 239, 242, 251]
[257, 266, 237, 240, 243, 253]
[258, 265, 267, 238, 241, 243, 247, 252, 254]
[258, 265, 268, 239, 271, 242, 274, 248, 281, 255]
[256, 280, 259, 265, 239, 271, 243, 275, 248]
[257, 261, 263, 266, 240, 272, 243, 275, 280, 249]
[258, 262, 264, 267, 238, 241, 273, 243, 275, 281, 251]
[259, 263, 268, 238, 271, 242, 275, 248, 281, 252]
[265, 271, 240, 242, 275, 248, 252]
[261, 265, 272, 241, 243, 275, 280, 249, 253]
[266, 238, 272, 243, 275, 280, 251, 254]
[262, 265, 267, 239, 271, 244, 276, 248, 252, 255]
[256, 263, 265, 240, 272, 279, 249, 252]
[257, 264, 266, 272, 241, 280, 253]
[258, 264, 267, 271, 241, 275, 280, 251, 254]
[256, 239, 272, 242, 274, 248, 251, 253]
[257, 239, 271, 243, 275, 249, 251, 252]
[257, 239, 271, 243, 275, 280, 249, 252]
[258, 261, 237, 240, 272, 243, 275, 280, 249, 253]
[258, 262, 237, 241, 273, 244, 281, 250, 254]
[258, 263, 237, 275, 244, 281, 251, 254]
[258, 237, 276, 245, 281, 251, 254]
[258, 263, 282, 236, 238, 274, 244, 246, 250, 255]
[265, 268, 275, 279, 252, 255]
[257, 266, 268, 276, 280, 253]
[258, 267, 269, 276, 281, 254]
[258, 263, 268, 281, 251, 254]
[258, 268, 281, 252, 254]
[259, 263, 269, 281, 251, 255]
[258, 269, 273, 281, 254]
[259, 270, 274, 282, 251, 255]
[256, 260, 266, 271, 275, 252]
[258, 261, 267, 272, 276, 253]
[259, 262, 269, 273, 276, 251, 254]
[288, 301, 269, 274, 277]
[288, 297, 302, 274, 308, 277, 317]
[289, 300, 303, 305, 309, 313, 317]
[290, 304, 306, 310, 314, 318]
[291, 294, 307, 311, 314]
[295, 298, 302, 315, 308, 313, 283]
[296, 302, 308, 283, 316, 318]
[302, 308, 313, 284, 317]
[294, 303, 309, 313, 316, 285, 318]
[305, 285, 310]
[306, 285, 310]
[286, 311]
[312, 318, 307, 286]
[291, 301, 308, 313, 315, 287]
[288, 299, 302, 308, 313, 283, 316]
[302, 309, 283, 317, 287]
[288, 283]
[288, 283, 308, 316]
[288, 308, 283, 316, 318]
[289, 322, 296, 329, 335, 308, 283, 316, 319]
[289, 323, 296, 329, 332, 336, 308, 313, 283, 316]
[289, 323, 296, 330, 333, 309, 313, 284, 317]
[290, 324, 334, 306, 310, 314, 285, 318]
[290, 323, 325, 303, 307, 310, 313, 284, 317]
[291, 323, 294, 326, 331, 301, 334, 304, 308, 311, 314, 285, 318]
[288, 324, 295, 327, 329, 332, 302, 335, 305, 315, 312, 283, 286, 319]
[289, 324, 296, 329, 333, 302, 336, 316, 313, 284]
[289, 325, 296, 330, 333, 303, 313, 284, 317]
[290, 323, 325, 294, 331, 333, 304, 314, 285, 318]
[323, 294, 326, 331, 334, 306, 314, 318, 286]
[290, 324, 295, 332, 302, 335, 307, 286, 319]
[289, 323, 325, 295, 330, 333, 302, 305, 309, 284, 317]
[290, 323, 326, 295, 331, 302, 334, 304, 306, 308, 285, 318]
[289, 324, 295, 327, 332, 302, 335, 307, 319]
[289, 324, 296, 329, 332, 302, 335, 308, 283, 319]
[289, 325, 296, 330, 333, 302, 336, 309, 313, 284]
[288, 290, 323, 326, 295, 331, 334, 303, 337, 306, 311, 314, 316, 285]
[324, 295, 327, 330, 299, 332, 301, 335, 337, 307, 312, 315]
[324, 296, 328, 299, 331, 302, 336, 338, 308, 316]
[328, 332, 336, 340, 317]
[329, 301, 333, 336, 308, 313, 317]
[326, 331, 302, 334, 306, 308, 314, 318]
[327, 329, 332, 302, 335, 308, 312, 316, 319]
[330, 333, 303, 336, 305, 309, 313, 315, 317]
[323, 328, 331, 334, 304, 337, 306, 310, 314, 318]
[354, 324, 332, 302, 335, 338, 307, 341, 315, 319]
[320, 354, 324, 332, 302, 336, 308, 345, 316]
[322, 354, 324, 302, 336, 308, 346, 316]
[354, 323, 325, 333, 302, 336, 309, 313, 347, 317]
[323, 326, 329, 301, 334, 346, 337, 306, 308, 311, 314, 316, 318]
[321, 354, 324, 327, 330, 302, 335, 347, 308, 313, 315, 317, 319]
[323, 325, 330, 303, 336, 309, 313, 317]
[323, 326, 331, 304, 337, 306, 308, 311, 314, 318]
[324, 327, 329, 332, 301, 307, 312, 315, 319]
[320, 354, 324, 328, 330, 333, 302, 308, 313, 316]
[354, 324, 357, 329, 331, 334, 316, 318]
[320, 354, 328, 331, 316]
[320, 355, 357, 328, 332]
[321, 353, 356, 358, 328, 345, 351]
[352, 354, 356, 329, 346]
[355, 357, 328, 340, 351]
[352, 356, 340]
[352, 354, 341]
[328, 353, 340]
[329, 331, 333, 336, 341]
[345, 329, 332, 335]
[333]
[326]
[355, 339, 341, 327]
[356, 340, 342]
[356, 341, 366]
[328, 336, 340, 357]
[357, 329, 332, 339, 341]
[328, 339, 352, 357]
[328, 353, 340, 358]
[354, 367, 339, 373, 341]
[352, 355, 367, 340, 342, 374]
[353, 368, 370, 340, 375]
[387, 367, 369, 371, 376, 383]
[368, 377, 387, 384]
[384, 369, 378, 388]
[369, 385, 379, 388]
[385, 389, 369, 377, 380]
[386, 390, 361, 370, 378, 381]
[352, 387, 392, 361, 371, 377, 382]
[352, 387, 360, 393, 371, 382]
[387, 361, 393, 371, 375, 378, 380, 382]
[356, 388, 360, 392, 367, 371, 376, 379, 381, 383]
[352, 387, 359, 361, 393, 367, 377, 382]
[360, 392, 382, 367]
[393, 382, 358, 367]
[393, 358, 367]
[358, 367]
[368, 383, 359]
[384, 387, 360, 369, 379]
[361, 385, 379, 369]
[368, 362, 387, 380]
[385, 387, 363, 369, 377]
[368, 378, 363, 386]
[386, 364, 369, 377, 379]
[387, 390, 361, 393, 365, 400, 370, 372, 378]
[388, 362, 394, 396, 398, 368, 400, 371, 376, 378]
[388, 363, 397, 369, 401, 377, 379]
[389, 363, 398, 369, 377, 380]
[364, 398, 369, 402, 378, 380]
[362, 397, 399, 368, 378, 380]
[363, 398, 400, 369, 378, 380]
[385, 363, 399, 401, 377, 379, 381]
[386, 364, 400, 402, 408, 378, 380, 382]
[386, 365, 399, 401, 370, 409]
[386, 366, 400, 369, 403, 372, 408]
[387, 366, 368, 401, 370, 404, 373, 382]
[369, 401, 371, 405, 374, 383]
[388, 390, 401, 405, 409]
[401, 386, 389]
[401, 387, 389]
[386, 388, 390, 402]
[387, 389, 397]
[386, 390, 398, 408, 383]
[384, 386, 391, 426, 396, 409]
[386, 391, 425, 396, 398, 409]
[392, 426, 396, 428, 399, 409]
[393, 427, 397, 429, 400, 408]
[423, 394, 427, 401, 409, 383]
[401, 409, 395, 383]
[425, 401, 403, 399]
[390, 392, 426, 400, 402, 404]
[391, 423, 393, 395, 427, 401, 405, 383]
[402, 428, 391]
[431, 418, 415]
[432, 441, 419, 415]
[420, 431, 433, 439, 441, 415]
[416, 421, 430, 432, 440]
[441, 419, 422, 431]
[442, 420, 430, 423]
[443, 431]
[443, 431]
[429, 432, 441, 412, 415]
[432, 441, 413, 430]
[442, 430]
[416, 443, 429]
[416, 409, 427, 430]
[401, 409, 427]
[402]
[408, 403]
[401, 409, 404]
[448, 418, 421, 403, 409, 442]
[449, 419, 453, 422, 457, 461, 404, 442, 445]
[448, 417, 450, 414, 422, 454, 456, 458, 464, 443, 446]
[418, 451, 455, 459, 443, 441, 411, 415]
[419, 452, 456, 459, 441, 412, 415]
[419, 456, 441, 412, 415]
[]
[]
[]
[]
[435]
[420, 456, 435, 413, 445]
[448, 414, 420, 454, 456, 430, 432, 464, 446]
[449, 420, 453, 455, 457, 432, 464, 415]
[416, 450, 421, 454, 457, 431, 464]
[451, 421, 455, 458, 430, 464]
[448, 419, 452, 454, 456, 460, 462, 431, 412, 446]
[449, 420, 453, 455, 457, 431, 463, 441, 413, 447]
[448, 450, 452, 454, 456, 458, 430, 462, 464, 442, 444]
[450, 453, 455, 457, 459, 431, 463, 465, 442, 445]
[451, 454, 456, 458, 428, 460, 430, 462, 464, 440, 443, 446]
[453, 455, 457, 459, 429, 461, 431, 463, 465, 441, 445, 447]
[454, 458, 430, 464, 442, 446]
[448, 455, 459, 493, 431, 465, 441, 443]
[449, 456, 460, 462, 432, 441, 444, 446]
[449, 455, 457, 461, 431, 463, 441, 445, 447]
[450, 458, 462, 431, 464, 442, 446]
[449, 451, 459, 431, 463, 441, 443, 445, 447]
[448, 452, 460, 462, 432, 464, 441, 444, 446]
[449, 453, 461, 431, 463, 441, 445, 447]
[450, 454, 430, 464, 442, 446]
[451, 455, 491, 431, 465, 443, 447]
[448, 451, 456, 491, 431, 464, 443]
[449, 451, 453, 455, 491, 431, 465, 443]
[448, 452, 454, 456, 458, 460, 431, 464, 442, 444, 446]
[449, 453, 455, 457, 459, 441, 445, 447]
[448, 450, 454, 456, 458, 460, 430, 440, 442, 446]
[450, 459, 461, 443, 447]
[483, 487, 490, 460, 492]
[488, 483]
[490]
[]
[473]
[474]
[]
[]
[472]
[472]
[]
[]
[]
[491]
[491]
[491, 486]
[466, 491, 486]
[467, 492, 487]
[488, 467, 493]
[489, 482, 467, 493]
[482, 490, 494]
[467, 484]
[467, 492, 485]
[493, 482, 467, 485]
[482, 486, 494, 468, 500]
[482, 487, 460, 495, 500]
[483, 487, 461, 495, 500, 503]
[482, 451, 485, 487, 489, 491, 495, 500, 504]
[452, 486, 490, 459, 461, 498, 501, 505, 509]
[514, 451, 518, 491, 460, 465, 499, 501, 506, 510]
[515, 518, 492, 500, 506]
[509, 507, 516, 501]
[518, 496, 502, 506, 510]
[515, 491, 495, 503, 506]
[515, 491, 493, 496, 504, 506, 508]
[517, 491, 537, 495, 497, 505, 507, 509]
[518, 495, 498, 538, 506, 510]
[515, 519, 523, 492, 495, 527, 529, 499, 501, 535, 507, 511]
[512, 516, 520, 522, 524, 493, 496, 528, 531, 500, 533, 536, 506, 509]
[514, 517, 521, 526, 495, 529, 499, 532, 501, 537, 510]
[514, 518, 522, 526, 496, 500, 532, 502, 510]
[515, 519, 523, 527, 496, 529, 499, 532, 503, 511]
[512, 515, 523, 527, 496, 530, 500, 532, 535, 504]
[513, 516, 522, 525, 528, 497, 531, 501, 536, 505]
[514, 518, 523, 526, 495, 537, 529, 498, 532, 502, 505]
[515, 519, 523, 527, 530, 533, 503, 507]
[515, 520, 522, 524, 528, 530, 534, 504, 508]
[516, 521, 525, 529, 531, 535, 505, 509]
[522, 526, 496, 529, 499, 532, 535, 506, 510]
[519, 523, 527, 496, 530, 500, 535, 507, 511]
[536, 522, 524, 528, 497, 531, 500, 504, 508]
[514, 523, 526, 495, 537, 529, 498, 532, 501, 505, 509]
[514, 522, 526, 496, 498, 502, 506, 510]
[515, 523, 495, 527, 529, 499, 503, 507, 511]
[512, 515, 536, 522, 524, 528, 530, 504, 508]
[513, 515, 525, 529, 531, 505, 507]
[530, 514, 507, 526]
[515, 527, 529, 531, 535, 507]
[512, 516, 536, 528, 530, 504, 508]
[516, 522, 531, 505, 507, 509]
[516, 523, 531, 507, 510]
[515, 535, 519, 523, 529, 503, 507, 511]
[512, 516, 518, 520, 536, 522, 524, 526, 531, 504, 507]
[514, 517, 519, 521, 523, 527, 532, 507, 510]
[512, 515, 520, 522, 524, 527, 535, 504, 508]
[515, 523, 525, 528, 535, 505, 508]
[514, 516, 523, 526, 529, 535, 508]
[515, 523, 526, 530, 536, 508, 511]
[512, 515, 522, 527, 530, 507]
[513, 515, 523, 527, 531, 503, 508]
[513, 516, 520, 522, 524, 528, 531, 504, 509]
[544, 517, 501, 505, 510]
[544, 549, 552, 556, 560, 564, 502]
[545, 549, 557, 561, 565]
[546, 550, 557, 562, 564, 566, 542]
[545, 557, 561, 563, 565, 539, 543]
[546, 550, 557, 562, 564, 566, 540]
[547, 550, 558, 563, 565, 567, 541]
[548, 551, 556, 560, 563, 538, 541]
[549, 553, 557, 561, 564, 539]
[550, 554, 557, 562, 566, 540, 542]
[551, 555, 557, 563, 565, 567, 543]
[544, 552, 554, 556, 558, 560, 563, 538]
[545, 553, 555, 557, 561, 564, 539, 542]
[546, 554, 562, 567, 540, 543]
[544, 547, 582, 553, 555, 563, 565, 568, 571]
[545, 548, 550, 583, 554, 556, 588, 564, 566, 569, 573]
[545, 549, 551, 555, 557, 589, 562, 564, 567, 570]
[546, 548, 550, 583, 552, 556, 588, 590, 563, 565, 567, 571]
[544, 547, 549, 551, 584, 553, 587, 589, 564, 567, 568, 571]
[545, 548, 552, 585, 554, 588, 560, 563, 569, 538, 572]
[545, 547, 579, 549, 581, 553, 586, 589, 561, 564, 567, 570, 539, 572]
[548, 580, 550, 582, 552, 587, 590, 564, 567, 571, 539, 543]
[544, 548, 583, 587, 591, 564, 568]
[544, 579, 548, 587, 556, 564, 569, 538]
[545, 580, 549, 586, 588, 557, 564, 570, 539, 542]
[546, 581, 550, 553, 589, 558, 566, 570, 540, 543]
[544, 546, 581, 551, 556, 588, 560, 565, 571, 539, 541]
[545, 580, 549, 552, 557, 589, 570, 540, 542]
[546, 580, 550, 554, 557, 589, 570, 539, 541]
[546, 581, 550, 557, 589, 562, 570, 539, 542]
[547, 581, 550, 555, 587, 558, 590, 562, 571, 540, 543]
[544, 547, 582, 551, 587, 556, 590, 559, 563, 565, 538, 572]
[544, 579, 548, 583, 552, 585, 554, 556, 588, 560, 564, 566, 538, 573]
[545, 581, 550, 584, 553, 586, 555, 557, 589, 562, 564, 567, 539, 543]
[551, 583, 555, 587, 589, 558, 563, 567]
[551, 584, 587, 556, 590, 592, 568, 574]
[552, 585, 591, 593, 569, 575]
[592, 572]
[593, 573]
[594, 612, 615]
[616, 595, 613]
[560, 585, 613]
[586, 557, 561, 564, 569]
[588, 558, 562, 565, 570]
[586, 557, 589, 562, 566, 570]
[587, 558, 590, 563, 565, 567, 571]
[611, 551, 587, 556, 559, 591, 563, 568, 571]
[579, 612, 555, 591, 559, 568, 572]
[578, 580, 613, 556, 563, 569, 572]
[579, 613, 557, 564, 568, 570, 572]
[580, 613, 558, 564, 568, 571]
[581, 552, 557, 561, 564, 569, 571]
[581, 553, 557, 564, 567, 571]
[582, 554, 588, 558, 564, 567, 571]
[579, 583, 555, 587, 558, 568, 571, 573]
[612, 614, 584, 587, 568, 572, 574]
[613, 615, 584, 596, 573, 575]
[576, 613, 615]
[577, 613]
[593, 614]
[576, 594]
[]
[]
[]
[593]
[]
[]
[]
[609]
[640, 610]
[610]
[610, 614]
[611, 613, 607]
[584, 608, 622]
[584, 623, 614, 607]
[577, 584, 622, 592, 631, 633]
[577, 585, 622, 593, 625, 595, 627, 632, 634]
[578, 585, 622, 593, 625, 630, 632]
[612, 618, 623, 593, 626, 631]
[576, 594, 619, 613]
[576, 619]
[]
[576, 638]
[576, 613, 639]
[611, 613, 639]
[640, 612, 631]
[632, 612, 640, 630]
[641, 613, 627, 629, 631, 634]
[641, 613, 630, 632, 634]
[640, 642, 612, 645, 614, 623, 658, 628, 630, 633, 635, 637]
[641, 613, 646, 615, 624, 629, 631, 633, 636, 638]
[641, 646, 626, 630, 632, 635, 637, 639]
[640, 647, 624, 627, 631, 633, 636, 638]
[614, 646, 648, 623, 626, 628, 632, 634, 637, 639]
[641, 612, 615, 647, 624, 627, 629, 633, 638]
[640, 644, 613, 648, 623, 625, 628, 630]
[624, 641, 627, 646]
[641, 613, 647, 624, 658, 627, 638]
[641, 646, 624, 658, 628, 639]
[640, 647, 624, 658, 627, 629]
[641, 647, 619, 626, 628, 630, 633]
[642, 647, 619, 658, 627, 629, 631, 634]
[647, 620, 664, 623, 625, 658, 628, 630, 632, 635]
[648, 624, 657, 664, 636]
[645, 648, 624, 658, 664, 635, 637]
[646, 624, 658, 628, 664, 635]
[647, 624, 657, 629, 631, 636]
[640, 648, 625, 658, 632, 635]
[641, 649, 626, 658, 633, 635]
[642, 649, 657, 627, 631, 635, 638]
[643, 657, 627, 629, 631, 636, 639]
[640, 644, 658, 630, 632, 637]
[641, 644, 657, 633, 638]
[652, 658, 644, 654]
[682, 659, 653, 655]
[678, 681, 650, 683, 654]
[674, 680, 682, 651, 655]
[681, 650, 683, 652, 659]
[649, 682, 651, 645]
[649, 642, 645]
[664, 649, 635, 643]
[664, 649, 635, 644]
[664, 649, 644]
[665, 650, 644]
[656]
[657]
[648, 641, 658, 635]
[641, 659]
[659]
[660]
[674, 671]
[671]
[687]
[688, 690, 675, 686]
[673, 685, 687, 689, 691]
[674, 678, 684, 686, 688, 690, 692, 670]
[675, 679, 681, 683, 685, 689, 691, 693, 671]
[672, 676, 682, 684, 692, 667]
[683, 693]
[698, 692, 710]
[709, 683, 652, 689, 692, 698]
[710, 682, 684, 653, 689, 692, 698]
[709, 683, 653, 688, 692, 697]
[676, 678, 710, 682, 684, 653, 689, 693, 695, 698]
[673, 677, 709, 679, 683, 652, 715, 654, 693, 697]
[674, 676, 678, 710, 680, 713, 716, 653, 655, 689, 693, 695, 698]
[673, 675, 677, 709, 679, 681, 714, 652, 654, 693, 697]
[672, 674, 707, 676, 710, 680, 682, 688, 692, 698]
[673, 675, 677, 681, 689, 693, 671]
[672, 674, 677, 690, 692, 694, 670]
[675, 691, 678, 671]
[672, 690, 684, 677]
[673, 678, 682, 685, 691, 671]
[672, 678, 681, 684, 686, 688, 692, 670]
[673, 675, 684, 688, 671]
[672, 674, 676, 710, 684, 688]
[673, 675, 709, 680, 683, 685, 689, 698]
[674, 707, 676, 709, 681, 683, 688, 692, 698]
[707, 676, 678, 710, 680, 713, 682, 684, 716, 689, 692, 698]
[706, 676, 708, 679, 711, 681, 714, 683, 717, 693, 699]
[709, 677, 712, 682, 715, 694]
[707, 676, 678, 710, 713, 682, 684, 716, 695]
[708, 711, 714, 683, 717, 696]
[712, 715, 717]
[738, 713, 718, 720, 733]
[738, 734, 719]
[743, 735, 738, 719]
[738, 740, 701, 718, 720, 733]
[738, 708, 712, 714, 717, 696, 702]
[709, 713, 715, 718, 697, 703]
[710, 680, 713, 682, 684, 716, 695, 698]
[711, 714, 683, 717, 693, 696]
[713, 683, 715, 694, 697]
[707, 676, 678, 680, 713, 682, 684, 716, 692, 695, 698]
[708, 681, 714, 683, 716, 693, 696, 699]
[708, 709, 681, 715, 717, 697, 700]
[707, 710, 682, 716, 718, 695, 698, 701]
[708, 711, 683, 696, 699]
[708, 709, 712, 681, 697]
[707, 710, 713, 682, 695, 698]
[705, 708, 712, 714, 696, 699]
[706, 708, 713, 697, 700]
[712, 715, 700, 734, 703]
[735, 739, 701, 703]
[704, 736, 738, 740, 727]
[737, 739, 741, 724, 727]
[736, 738, 740, 742, 725, 727]
[737, 739, 741, 722, 726]
[736, 723, 740, 742]
[736, 722, 741, 743]
[736, 745, 723]
[737, 742, 746, 721, 723]
[704, 737, 747]
[705, 701]
[713, 702]
[703]
[704, 729, 738, 701]
[705, 739, 743, 747, 719, 721, 702]
[739, 744, 720, 726, 703]
[740, 745, 747, 721, 727]
[704, 741, 743, 746, 748, 721, 724, 728]
[704, 743, 748, 721, 728]
[744, 703, 722, 724, 735]
[704, 736, 742, 745, 747, 721, 723, 725, 727]
[737, 743, 748, 722, 724, 726]
[738, 721, 723, 727, 703]
[738, 721, 724, 727, 703]
[721, 739, 724, 727]
[736, 721, 740, 727]
[728, 737, 739, 741]
[728, 736, 740]
[737, 741]
[738]
[]
[793, 781, 783]
[784, 786, 780, 782]
[779, 781, 783, 785, 787, 793]
[786, 780]
[768, 771, 780, 787, 793, 762]
[768, 772, 781, 752, 787, 791, 763]
[769, 762, 771]
[770, 763, 772]
[771, 769, 763]
[770, 763, 772]
[771, 756, 767]
[768, 772, 757]
[772, 758, 767]
[768, 772, 757]
[758]
[758]
[763, 757, 759]
[763, 757]
[771, 763, 757, 759]
[768, 772, 758, 760, 763]
[769, 757, 790, 759, 761, 763]
[768, 756, 758, 791, 762]
[763, 756, 791]
[769, 781, 787, 756, 791, 762]
[792, 782]
[815]
[816, 803]
[801, 804, 784, 753, 818, 798]
[805, 809, 785, 754, 793]
[774, 807, 810, 754, 786, 792]
[774, 810, 754, 787, 792]
[775, 808, 811, 752, 786, 792]
[808, 779, 811, 753, 787, 793]
[753, 780]
[753, 781, 793, 809]
[806, 809, 780, 754, 792]
[774, 807, 810, 781, 755, 792]
[782, 786, 755, 757, 792]
[770, 756, 781]
[771, 773, 781, 756, 761]
[774, 807, 810, 781, 787, 756]
[774, 808, 811, 781, 753, 787]
[775, 809, 811, 781, 753, 785, 787]
[806, 810, 780, 782, 753, 786]
[775, 779, 813, 783, 753, 799]
[815]
[815]
[818, 804]
[818, 815]
[816]
[833, 817, 821, 813]
[822, 818, 834, 814]
[801, 835, 777, 815, 817, 821, 823, 797]
[801, 806, 778, 819, 824, 798]
[807, 779, 785, 820, 825, 823, 793]
[808, 780, 786, 819, 821, 794]
[792, 809, 787, 780]
[792, 786, 781]
[793, 786, 781]
[792, 787, 781]
[792, 787, 781]
[830, 793, 820, 782]
[801, 819, 821, 826, 795, 831]
[832, 802, 837, 818, 820, 822, 826, 796, 799]
[800, 833, 803, 837, 819, 821, 797]
[800, 777, 836, 822]
[833, 801, 836, 841, 778, 821, 826]
[802, 834, 804, 837, 778, 814, 822, 826]
[832, 801, 804, 837, 779, 813, 827, 799]
[800, 832, 802, 836, 805, 807, 779, 814, 825, 795]
[832, 801, 805, 837, 813, 815, 826]
[832, 802, 837, 840, 814, 818, 826]
[833, 803, 837, 839, 841, 819, 826]
[832, 837, 842, 819, 822, 826]
[831, 827, 813, 823]
[837, 840, 842, 814, 819, 822, 860, 862, 831]
[837, 842, 813, 819, 863, 823, 859, 861, 831]
[843, 820, 838, 860]
[810, 844, 861]
[843, 812, 820, 826, 862]
[837, 840, 813, 821, 826, 861]
[837, 840, 815, 819, 822, 826, 862]
[817, 826, 822, 815]
[816, 802, 826, 822]
[816, 826, 803, 822]
[816, 826, 822]
[817, 826, 822]
[801, 834, 817, 822, 826]
[818, 837, 834, 823]
[834, 836, 838, 818, 822, 824, 826]
[834, 837, 839, 817, 823, 825, 827, 863]
[834, 837, 824, 827, 860, 863]
[864, 868, 859, 828, 861]
[865, 810, 858, 860, 829, 862]
[865, 829, 857, 859, 861]
[866, 858, 860, 829, 862]
[865, 859]
[866, 860]
[857, 861, 845, 865]
[857, 866, 845]
[866, 869, 846, 883, 855, 891, 893]
[866, 846, 855]
[867]
[]
[890, 867, 852]
[867, 846, 849, 851, 891]
[868, 871, 873, 845, 850, 892]
[872, 874, 844, 846, 862, 850, 860, 830]
[865, 868, 873, 843, 861, 845, 875, 847, 877, 879, 827, 829, 863]
[864, 842, 874, 844, 876, 878, 848, 880, 826, 828, 858, 862]
[865, 868, 843, 875, 845, 877, 879, 848, 859, 829, 863]
[864, 844, 876, 846, 878, 849, 826, 860, 858, 830]
[827, 865, 868, 844, 847, 879, 859, 861, 831]
[867, 860, 844, 846, 848, 880, 857, 828, 862]
[869, 871, 873, 845, 847, 849, 881, 857, 893]
[869, 872, 846, 848, 850, 856, 891]
[870, 847, 849, 857, 892]
[893, 847, 881, 850, 857, 861]
[847, 850, 882, 857, 893, 862]
[846, 848, 881, 857, 892]
[881, 893]
[881]
[865, 893, 881]
[880, 858, 860]
[881, 859, 861]
[898, 900, 880, 860, 862]
[859, 899, 861]
[876, 860, 880, 862]
[877, 875, 861]
[876, 874, 860]
[865, 868, 873, 875, 913, 892]
[865, 869, 871, 873, 893]
[888, 890, 851, 893]
[889, 891]
[890]
[890, 892]
[891]
[890, 883, 892]
[856, 891, 869]
[869, 883, 886, 856, 892]
[870, 910, 882, 851, 887, 856]
[867, 870, 909, 882, 887, 857]
[865, 869, 871, 909, 882, 857]
[896, 866, 870, 872, 910, 882, 851, 887, 892]
[865, 897, 868, 871, 873, 909, 893]
[898, 891, 894]
[912, 899, 895]
[896, 901, 904, 906, 876, 914]
[902, 905, 877, 912, 915]
[905, 913, 876]
[929, 933, 935, 904, 906, 876, 913, 920]
[930, 899, 936, 905, 921]
[928, 931, 900]
[929, 932, 900, 934]
[900, 933, 903, 912, 920]
[900, 934, 904, 908, 911, 913, 915, 919]
[900, 905, 909, 912, 914, 916, 919]
[896, 906, 910, 913, 917, 894]
[907, 911, 916, 918, 893, 895]
[908, 914, 917, 919, 891, 894]
[901, 906, 914, 918, 894]
[897, 900, 935, 905, 907, 919]
[898, 900, 935, 906, 881]
[898, 907, 935]
[906, 901]
[907, 909]
[908, 910]
[906, 909, 911, 915, 892]
[899, 901, 935, 906, 910, 912]
[936, 905, 900]
[901]
[926, 902]
[943]
[]
[]
[968, 959, 955, 951]
[903, 968, 943, 949, 955, 959]
[960, 948, 950, 903]
[904, 949, 902]
[952, 950, 902]
[951, 903]
[904]
[905]
[913, 906, 919]
[913, 906, 919]
[920, 913, 901]
[]
[]
[]
[]
[]
[948, 926]
[960, 965, 947, 923, 927]
[962, 924, 966]
[961, 966]
[962, 964, 967]
[960, 967, 927]
[928, 964, 968, 960]
[960, 965, 968, 943, 955, 927]
[960, 930, 964, 968, 955, 927]
[928, 964, 968, 960]
[960, 954, 964, 968]
[965, 969, 951, 955, 959]
[960, 964, 969, 952, 956]
[964, 969, 953, 926, 959]
[953, 964, 969, 951]
[952, 969, 954, 964]
[964, 968, 949, 952, 954, 926]
[965, 943, 949, 953, 955, 927]
[965, 944, 948, 956, 927]
[945, 955, 947, 965]
[944, 946, 955, 966]
[945, 947, 956, 966]
[961, 968, 946, 948, 954]
[961, 944, 947, 949, 953, 955]
[954, 945, 962]
[946, 963, 955]
[960, 964, 948, 950, 956]
[928, 960, 964, 951, 953, 956]
[977, 954, 957, 990]
[977, 986, 993, 991]
[992, 986, 978]
[992, 978, 987]
[993, 978, 987, 991]
[992, 978, 984, 987, 990]
[993, 971, 1003, 974, 1008, 985, 1018, 988, 991]
[992, 1004, 972, 986, 989]
[992, 1004, 973, 1014, 986]
[984, 992, 986, 974]
[]
[]
[]
[993, 978, 974]
[992, 1000, 973, 975, 978, 1015]
[993, 998, 1001, 1003, 974, 977, 1016, 991]
[992, 998, 1002, 1004, 974, 978, 1016, 990]
[993, 998, 1003, 1005, 974, 978, 1016]
[992, 994, 998, 1004, 973, 975, 1008, 1017]
[993, 1003, 973, 977, 1016, 1018, 991]
[992, 994, 972, 975, 977, 1017, 986]
[993, 971, 1003, 974, 977, 1016, 1018, 987, 989]
[994, 1002, 972, 1005, 975, 978, 984, 1017, 986, 988, 990]
[999, 1001, 1003, 974, 976, 978, 1016, 985, 1018, 987, 989, 991]
[992, 1000, 1002, 973, 975, 978, 984, 1017, 986, 988, 990]
[993, 971, 973, 976, 978, 985, 989, 991]
[986]
[1013, 987, 1005]
[1017, 1003, 988, 1014]
[1016, 993, 1003, 1001]
[992, 994, 1002, 1004, 1017]
[993, 999, 1003, 1016, 985, 1018]
[992, 994, 998, 1000, 1004, 1017, 986]
[993, 999, 1016, 1018, 987]
[986, 978, 1017, 999]
[992, 1017, 987]
[1018, 987]
[]
[988]
[]
[]
[]
[]
[997]
[985, 978, 987, 998]
[986, 978, 993, 998]
[993, 999, 1001, 1004, 987, 989, 991]
[992, 994, 1002, 1004, 988, 990]
[993, 1003, 1006, 989, 991]
[992, 1003, 1007, 977, 988]
[1008, 988, 1004]
[]
[]
[]
[]
[]
