[72, 9, 43, 51, 85, 22, 30, 63]
[64, 73, 10, 44, 52, 86, 23, 31]
[32, 65, 74, 11, 44, 53, 87, 24]
[33, 66, 75, 12, 45, 54, 88, 25]
[33, 67, 13, 46, 80, 54, 89, 26]
[34, 68, 13, 47, 81, 55, 90, 27, 60]
[69, 14, 48, 82, 19, 91, 28, 61]
[70, 49, 83, 20, 92, 29, 62]
[71, 50, 21, 85, 93, 30, 63]
[65, 2, 72, 51, 86, 23, 31]
[32, 66, 3, 73, 52, 87, 24]
[89, 33, 4, 75, 53, 25]
[34, 5, 90, 76, 54, 26]
[35, 6, 77, 55, 27, 92]
[56, 36, 93, 78]
[58, 37, 79]
[80, 59, 27, 38]
[39, 7, 81, 27, 60]
[7, 40, 83, 28, 61]
[8, 41, 84, 29, 62]
[9, 42, 85, 30, 62]
[1, 10, 43, 86, 30, 63]
[64, 2, 10, 44, 87, 31]
[32, 65, 3, 11, 45, 87]
[33, 66, 4, 12, 46, 88]
[33, 67, 5, 13, 47, 89]
[68, 6, 13, 48, 81, 18, 90]
[69, 7, 49, 82, 19, 91]
[70, 8, 50, 83, 20, 92]
[1, 72, 9, 51, 85, 22, 93]
[2, 73, 10, 52, 86, 23]
[3, 74, 11, 53, 24, 88]
[89, 4, 75, 12, 54, 25]
[6, 76, 13, 55, 26]
[56, 77, 14, 7]
[57, 78, 15]
[16, 58, 79]
[80, 17, 59]
[70, 48, 81, 18, 91, 60]
[70, 49, 82, 19, 92, 61]
[71, 50, 83, 20, 93, 62]
[72, 51, 84, 21, 63]
[1, 73, 51, 85, 22, 63]
[64, 2, 52, 86, 23]
[65, 3, 53, 87, 24]
[66, 5, 54, 88, 25]
[67, 6, 80, 54, 89, 26]
[69, 39, 7, 91, 81, 56, 27, 60]
[70, 8, 40, 92, 82, 57, 28, 61]
[71, 9, 41, 83, 92, 29, 62]
[1, 72, 136, 10, 43, 115, 85, 93, 30, 63]
[65, 2, 73, 137, 11, 44, 116, 86, 94, 31]
[32, 66, 3, 74, 138, 12, 45, 109, 79, 117, 88, 95]
[96, 33, 67, 5, 38, 75, 139, 13, 46, 110, 118, 89]
[97, 34, 68, 6, 39, 76, 140, 14, 47, 119, 90]
[98, 35, 69, 7, 77, 141, 15, 48, 120, 91]
[99, 36, 70, 78, 142, 16, 49, 121]
[100, 37, 79, 143, 17, 50, 122]
[101, 38, 80, 18, 123]
[70, 6, 39, 102, 48, 18, 82, 91, 124]
[71, 40, 7, 103, 49, 19, 83, 92, 125]
[71, 8, 104, 42, 50, 20, 84, 92, 93, 127]
[128, 1, 72, 105, 43, 51, 85, 22, 93]
[129, 2, 9, 73, 106, 44, 51, 52, 86, 23, 94]
[130, 3, 73, 10, 108, 45, 52, 87, 24, 94]
[131, 4, 74, 11, 109, 46, 53, 88, 25, 95]
[96, 132, 5, 75, 110, 47, 54, 89, 26]
[133, 6, 47, 111, 55, 90, 27]
[134, 7, 48, 81, 112, 56, 91, 28]
[135, 8, 40, 49, 82, 61, 113, 56, 92, 29]
[136, 9, 41, 50, 83, 93, 114, 29, 62]
[136, 10, 42, 51, 115, 85, 94, 30, 63]
[64, 2, 137, 43, 11, 52, 116, 86, 95, 31]
[32, 65, 96, 3, 138, 12, 45, 80, 53, 117, 87]
[33, 66, 97, 4, 139, 13, 81, 54, 118, 89]
[97, 34, 68, 5, 140, 13, 119, 55, 90]
[98, 35, 69, 141, 14, 56, 120]
[99, 36, 142, 15, 120, 57]
[100, 37, 5, 143, 16, 121, 58]
[5, 38, 101, 122, 47, 17, 90, 59]
[69, 6, 39, 102, 134, 91, 123, 48, 112, 18, 27, 60]
[70, 7, 40, 103, 134, 60, 124, 49, 113, 19, 91, 28]
[71, 8, 41, 104, 113, 50, 19, 61, 125, 92, 29]
[8, 105, 42, 50, 114, 20, 126, 93, 62]
[1, 9, 106, 43, 51, 21, 127, 93, 63]
[64, 129, 2, 73, 10, 107, 44, 52, 22, 94]
[65, 130, 3, 11, 44, 108, 52, 23, 95]
[66, 131, 4, 11, 45, 109, 53, 25]
[67, 132, 5, 12, 46, 110, 54, 26]
[68, 133, 6, 13, 47, 111, 81, 55, 27]
[69, 134, 39, 7, 103, 14, 60, 48, 112, 82, 124, 28]
[70, 135, 8, 40, 104, 14, 49, 82, 61, 83, 113, 29, 126]
[71, 136, 9, 41, 106, 15, 50, 114, 84, 127, 30, 63]
[64, 1, 129, 72, 137, 10, 43, 107, 79, 16, 115, 52, 86, 31]
[32, 66, 3, 38, 73, 138, 11, 109, 16, 80, 116, 53, 87]
[67, 74, 139, 110, 80, 117, 54]
[75, 140, 111, 81, 118, 55]
[56, 77, 141, 119]
[120, 57, 142, 78]
[143, 121, 58, 79]
[165, 122, 144, 80, 186, 59]
[166, 187, 145, 81, 90, 123, 60]
[134, 167, 146, 82, 125, 91, 188, 61]
[168, 113, 147, 83, 126, 92, 189, 62]
[170, 114, 148, 84, 127, 93, 190, 63]
[128, 64, 171, 149, 85, 93, 191]
[192, 129, 65, 172, 115, 150, 86, 94, 158]
[193, 130, 65, 173, 116, 87, 151, 94, 159]
[66, 131, 173, 117, 152, 88, 95]
[96, 153, 67, 132, 139, 174, 118, 89]
[97, 68, 90, 133, 175, 154]
[69, 134, 167, 91, 176, 81, 155, 124]
[70, 135, 168, 104, 92, 177, 146, 82, 156, 125]
[71, 136, 169, 105, 178, 84, 93, 157, 126]
[129, 72, 137, 171, 107, 179, 51, 94, 158]
[130, 137, 73, 138, 172, 108, 180, 52, 95, 159]
[160, 96, 131, 74, 139, 138, 173, 109, 53, 181]
[161, 97, 75, 139, 110, 81, 54, 182]
[162, 98, 76, 140, 82, 55, 183]
[163, 99, 141, 78, 184, 56]
[164, 100, 142, 79, 185, 57]
[58, 101, 165, 144, 80, 186]
[166, 102, 59, 145, 81, 187]
[134, 167, 103, 60, 112, 146, 82, 91, 188]
[103, 168, 113, 147, 83, 189, 92, 61]
[135, 104, 169, 114, 148, 84, 62, 92, 190]
[105, 170, 114, 148, 85, 93, 62, 191]
[191, 106, 171, 115, 149, 85, 63]
[192, 64, 137, 107, 171, 115, 150, 86, 94]
[65, 193, 138, 172, 108, 116, 87, 151]
[66, 139, 109, 173, 152, 88]
[153, 67, 174, 110, 89]
[68, 90, 175, 111, 154]
[69, 167, 91, 112, 176, 146, 82, 155, 124]
[70, 169, 92, 113, 177, 147, 156, 189, 126]
[71, 170, 178, 114, 51, 93, 157]
[129, 73, 115, 180, 52, 94, 158]
[160, 66, 130, 74, 173, 109, 53, 181, 117, 95]
[96, 161, 131, 75, 110, 54, 182, 118]
[97, 162, 76, 119, 55, 183]
[98, 163, 77, 120, 56, 184]
[185, 164, 99, 78, 121, 57]
[121, 164, 58, 100, 79, 185, 122]
[101, 122, 165, 80, 186, 59]
[166, 102, 134, 91, 123, 155, 112, 81, 187, 60]
[167, 103, 124, 188, 156]
[135, 104, 168, 189, 156, 125]
[105, 169, 190, 127]
[128, 170, 106, 191]
[192, 129, 107, 171]
[193, 130, 172, 108, 236, 215]
[194, 131, 109, 173, 237, 216]
[195, 132, 174, 110, 238, 217]
[196, 133, 175, 111, 239, 218]
[197, 134, 112, 176, 240, 219]
[198, 135, 113, 146, 177, 241, 220]
[199, 136, 178, 114, 242, 221]
[200, 137, 107, 171, 115, 179, 243, 222]
[137, 201, 108, 116, 180, 223]
[224, 195, 202, 138, 117, 181]
[225, 139, 203, 182, 118]
[226, 204, 140, 119, 183]
[226, 205, 141, 120, 184]
[185, 227, 206, 143, 121]
[228, 101, 122, 207, 144, 186]
[229, 102, 187, 208, 145, 123]
[197, 134, 103, 230, 124, 209, 146, 219, 188]
[198, 231, 104, 113, 177, 147, 210, 241, 189, 220, 125]
[199, 105, 233, 211, 148, 126, 220, 190]
[199, 105, 234, 212, 149, 127, 221, 191]
[192, 129, 200, 106, 235, 115, 213, 150, 158]
[193, 130, 201, 107, 236, 116, 151, 215, 222]
[194, 131, 223, 108, 237, 152, 216]
[195, 132, 217, 202, 110, 238, 153]
[196, 133, 154, 111, 239, 218]
[197, 134, 112, 240, 218, 155]
[198, 135, 168, 113, 241, 219, 156]
[199, 135, 114, 242, 220, 157]
[136, 200, 115, 243, 221, 158]
[137, 201, 116, 222, 159]
[160, 224, 202, 138, 117]
[161, 225, 139, 203, 118]
[226, 162, 204, 140, 119]
[163, 227, 205, 141, 120]
[164, 228, 206, 143, 121]
[101, 165, 229, 207, 144, 122]
[166, 102, 230, 208, 145, 123]
[197, 134, 167, 103, 231, 209, 146, 219, 124]
[198, 135, 104, 168, 232, 147, 211, 220, 125]
[199, 105, 169, 233, 148, 212, 221, 126]
[200, 170, 106, 234, 149, 213, 221, 127]
[129, 200, 107, 171, 235, 150, 214, 222]
[130, 201, 172, 108, 236, 151, 215, 223]
[223, 131, 202, 109, 173, 237, 152, 216]
[224, 132, 217, 202, 109, 174, 238, 153]
[217, 154, 239, 175]
[167, 176, 240, 218, 155, 188]
[168, 232, 177, 241, 219, 156, 189]
[169, 233, 178, 242, 220, 157, 190]
[171, 179, 243, 221, 158, 191]
[159, 193, 172, 180, 223]
[160, 224, 195, 174, 181]
[161, 225, 182]
[225, 162, 183]
[184, 226, 163]
[185, 227, 164]
[186, 228, 165]
[187, 229, 166]
[188, 230, 167]
[168, 219, 189, 231]
[232, 169, 220, 190]
[233, 170, 190]
[234, 171, 191]
[192, 171, 235]
[193, 172, 236, 151, 223]
[152, 237, 194, 173]
[153, 195, 174, 238]
[154, 239, 196, 175]
[197, 167, 231, 176, 240, 210, 155, 188]
[198, 168, 232, 177, 241, 211, 156, 189]
[199, 170, 234, 242, 179, 157, 191]
[192, 200, 235, 172, 243, 180, 214, 158]
[194, 201, 173, 237, 180, 215, 159]
[160, 195, 203, 174, 238, 181, 216]
[161, 204, 196, 182]
[163, 205, 183]
[184, 164, 206]
[185, 165, 207]
[208, 186, 166]
[209, 187, 167]
[198, 168, 210, 219, 188]
[198, 169, 211, 220, 189]
[169, 212, 190, 199]
[221, 170, 213, 191]
[192, 171, 214]
[193, 215, 172, 151]
[194, 173, 152, 216, 223]
[153, 195, 217, 174]
[218, 154, 196, 175]
[176, 155, 197, 219]
[198, 168, 177, 220, 156, 189]
[199, 178, 157, 221, 190]
[192, 200, 171, 235, 179, 222, 158]
[193, 223, 201, 172, 237, 180, 159]
[160, 224, 194, 202, 173, 238, 181]
[]
[]
[]
[]
[]
