[65, 44, 22, 86]
[66, 45, 87, 23]
[24, 88, 67, 46]
[89, 25, 68, 47]
[48, 26, 90, 69]
[49, 91, 27, 70]
[50, 28, 92, 71]
[72, 51, 93, 29]
[73, 52, 30]
[74, 53, 31]
[32, 75, 54]
[33, 76, 55]
[56, 34, 77]
[57, 35, 78]
[58, 36, 79]
[80, 59, 37]
[81, 60, 38]
[82, 60, 39]
[40, 83, 62]
[41, 84, 63]
[64, 42, 85]
[65, 43, 86]
[65, 2, 44, 87]
[88, 66, 3, 45]
[89, 67, 4, 46]
[90, 69, 5, 47]
[48, 70, 91, 6]
[49, 92, 71, 7]
[8, 50, 72, 93]
[73, 9, 51]
[10, 52, 74]
[75, 11, 53]
[12, 54, 76]
[77, 13, 55]
[56, 78, 14]
[57, 79, 15]
[16, 58, 80]
[81, 17, 59]
[18, 60, 82]
[83, 19, 61]
[83, 20, 62]
[84, 21, 63]
[64, 85, 22]
[65, 1, 86, 23]
[24, 2, 66, 87]
[88, 25, 67, 3]
[89, 26, 4, 68]
[91, 27, 69, 5]
[70, 28, 6, 92]
[93, 29, 71, 7]
[8, 72, 136, 115, 30, 94]
[73, 9, 137, 116, 31, 95]
[32, 96, 10, 74, 138, 117]
[33, 97, 75, 11, 139, 118]
[34, 98, 12, 76, 140, 119]
[99, 35, 77, 13, 141, 120]
[100, 36, 78, 14, 142, 121]
[101, 37, 79, 15, 143, 122]
[102, 38, 16, 80, 123]
[103, 39, 81, 17, 124]
[40, 104, 18, 82, 125]
[41, 105, 83, 19, 126]
[42, 106, 20, 84, 127]
[128, 107, 43, 85, 21]
[1, 129, 108, 44, 22, 86]
[2, 130, 109, 45, 23, 87]
[3, 131, 110, 46, 24, 88]
[4, 132, 111, 47, 89, 25]
[90, 5, 133, 48, 112, 26]
[6, 134, 49, 113, 91, 28]
[7, 135, 50, 114, 92, 29]
[8, 136, 29, 115, 51, 93]
[9, 137, 116, 52, 94, 30]
[10, 138, 117, 53, 31, 95]
[32, 96, 11, 139, 118, 54]
[33, 97, 12, 140, 55, 119]
[34, 98, 13, 141, 56, 120]
[121, 99, 35, 14, 142, 57]
[100, 36, 122, 15, 143, 58]
[101, 37, 59, 16, 123]
[102, 38, 60, 17, 124]
[103, 39, 18, 61, 125]
[40, 104, 19, 62, 126]
[41, 105, 20, 63, 127]
[64, 128, 42, 106, 21]
[65, 129, 107, 43, 22]
[2, 66, 130, 108, 44, 23]
[67, 3, 131, 109, 45, 24]
[4, 68, 132, 110, 46, 25]
[69, 5, 133, 111, 47, 26]
[70, 6, 134, 48, 112, 27]
[71, 7, 135, 49, 113, 28]
[8, 72, 136, 50, 114, 29]
[73, 9, 137, 51, 115, 30]
[10, 74, 138, 116, 52, 31]
[117, 75, 139, 53]
[140, 118, 76, 54]
[119, 77, 141, 55]
[56, 120, 141, 78]
[143, 57, 121, 79]
[58, 165, 122, 144, 80, 186]
[166, 59, 187, 145, 81, 123]
[167, 60, 124, 145, 82, 188]
[168, 146, 83, 125, 189, 61]
[169, 147, 84, 126, 190, 62]
[170, 148, 85, 127, 63, 191]
[128, 64, 192, 171, 149, 86]
[65, 129, 193, 172, 150, 87]
[130, 66, 173, 151, 88]
[67, 131, 174, 152, 89]
[132, 68, 175, 153, 90]
[69, 133, 176, 154, 91]
[134, 70, 177, 155, 92]
[71, 135, 178, 156, 93]
[136, 72, 51, 179, 157, 94]
[73, 137, 180, 52, 95, 159]
[160, 96, 74, 138, 53, 181]
[161, 97, 75, 139, 54, 182]
[162, 98, 76, 140, 55, 183]
[163, 99, 77, 141, 184, 56]
[164, 100, 78, 142, 185, 57]
[58, 165, 101, 143, 79, 186]
[166, 102, 187, 144, 80, 59]
[167, 103, 60, 145, 81, 188]
[167, 104, 146, 82, 189, 61]
[168, 105, 147, 83, 62, 190]
[191, 169, 106, 148, 84, 63]
[192, 64, 170, 107, 149, 85]
[65, 193, 171, 108, 150, 86]
[66, 172, 109, 87, 151]
[67, 173, 110, 152, 88]
[153, 68, 174, 111, 89]
[90, 69, 175, 112, 154]
[70, 155, 176, 113, 91]
[71, 92, 177, 114, 156]
[72, 178, 51, 115, 93, 157]
[73, 179, 116, 52, 158, 95]
[96, 74, 180, 53, 117, 159]
[160, 97, 75, 181, 54, 118]
[161, 98, 76, 119, 182, 55]
[162, 99, 77, 183, 120, 56]
[163, 100, 78, 184, 121, 57]
[164, 58, 101, 79, 185, 122]
[165, 102, 123, 80, 186, 59]
[166, 103, 60, 81, 187, 124]
[104, 188, 125, 167]
[168, 105, 189, 126]
[105, 169, 190, 127]
[128, 170, 106, 191]
[192, 129, 107, 171]
[193, 130, 172, 108, 236, 215]
[194, 131, 109, 173, 237, 216]
[195, 132, 174, 110, 238, 217]
[196, 133, 175, 111, 239, 218]
[197, 134, 176, 113, 240, 219]
[198, 135, 177, 114, 241, 220]
[199, 136, 178, 115, 242, 221]
[200, 137, 179, 116, 243, 222]
[201, 138, 180, 117, 223]
[224, 202, 139, 181, 118]
[225, 203, 140, 182, 119]
[226, 204, 141, 183, 120]
[227, 206, 142, 184, 121]
[185, 228, 207, 143, 121]
[101, 122, 229, 144, 208, 186]
[102, 230, 187, 208, 145, 123]
[103, 231, 124, 209, 146, 188]
[104, 232, 210, 147, 189, 125]
[105, 233, 211, 148, 126, 190]
[106, 234, 212, 149, 127, 191]
[192, 129, 107, 235, 213, 150]
[193, 130, 108, 236, 215, 151]
[194, 131, 109, 237, 215, 152]
[195, 132, 110, 238, 216, 153]
[196, 133, 111, 239, 217, 154]
[197, 134, 112, 240, 218, 155]
[198, 135, 113, 241, 219, 156]
[199, 136, 114, 242, 220, 157]
[200, 137, 115, 243, 221, 158]
[201, 138, 116, 222, 159]
[160, 202, 139, 117, 223]
[224, 161, 203, 140, 118]
[225, 162, 204, 141, 119]
[226, 163, 205, 142, 120]
[227, 164, 206, 143, 121]
[228, 101, 165, 207, 144, 122]
[229, 166, 102, 208, 145, 123]
[230, 167, 103, 209, 146, 124]
[231, 104, 168, 210, 147, 125]
[232, 105, 169, 211, 148, 126]
[233, 170, 106, 212, 149, 127]
[128, 234, 107, 171, 213, 150]
[129, 235, 172, 108, 214, 151]
[130, 236, 109, 173, 215, 152]
[131, 237, 174, 110, 216, 153]
[217, 154, 238, 175]
[176, 218, 155, 239]
[240, 177, 219, 156]
[241, 178, 220, 157]
[242, 179, 221, 158]
[243, 180, 222, 159]
[160, 181, 223]
[224, 161, 182]
[225, 162, 183]
[184, 226, 163]
[185, 227, 164]
[186, 228, 165]
[187, 229, 166]
[188, 230, 167]
[168, 189, 231]
[232, 169, 190]
[169, 233, 191]
[192, 234, 171]
[193, 171, 235]
[194, 172, 236, 151]
[152, 237, 195, 173]
[153, 196, 174, 238]
[176, 154, 197, 239]
[240, 177, 155, 198]
[241, 178, 156, 199]
[200, 242, 179, 157]
[201, 243, 180, 158]
[202, 181, 159]
[160, 203, 182]
[161, 204, 183]
[184, 162, 205]
[185, 163, 206]
[186, 164, 207]
[208, 187, 165]
[209, 188, 166]
[210, 189, 167]
[168, 211, 190]
[169, 212, 191]
[192, 170, 213]
[193, 171, 214]
[194, 215, 172, 151]
[152, 195, 173, 216]
[153, 196, 217, 174]
[218, 154, 197, 175]
[176, 155, 198, 219]
[177, 220, 156, 199]
[200, 221, 178, 157]
[201, 179, 222, 158]
[202, 223, 180, 159]
[160, 224, 203, 181]
[]
[]
[]
[]
[]
